#break1_chromosome	break1_position_start	break1_position_end	break2_chromosome	break2_position_start	break2_position_end	tools
9	5656690	5656690	15	33473419	33473419	arriba
15	33473538	33473538	9	5656583	5656583	arriba
9	5720750	5720750	15	33473419	33473419	arriba
7	101208853	101208853	7	101256734	101256734	arriba
15	33473538	33473538	9	5459187	5459187	arriba
15	33473538	33473538	9	5514766	5514766	arriba
15	33473538	33473538	9	5514766	5514766	arriba
21	31685049	31685049	21	37840709	37840709	arriba
22	46721015	46721015	22	46533627	46533627	arriba
12	51975265	51975265	12	52116027	52116027	arriba
17	41973857	41973857	17	41601626	41601626	arriba
14	102886269	102886269	2	147067986	147067986	arriba
16	67082308	67082308	16	67154299	67154299	arriba
3	136946295	136946295	3	136477412	136477412	arriba
3	136928227	136928227	3	136630981	136630981	arriba
3	136752195	136752195	3	136927984	136927984	arriba
2	183182680	183182680	2	183157444	183157444	arriba
5	140194652	140194652	5	140164650	140164650	arriba
5	140194652	140194652	5	140167365	140167365	arriba
